2895 2894
986 2005
1049 851
2656 2633
2833 2074
592 981
1744 1919
1698 1782
927 1744
1248 2551
1979 155
1823 2032
517 1549
338 1007
413 2842
269 1061
2204 1254
170 357
506 2825
1391 1740
2003 384
2720 2149
2303 1523
1035 334
1668 684
1286 2049
839 213
1185 2652
1761 2820
2061 575
1168 2329
37 476
1984 207
832 2489
1433 625
2630 1838
1008 856
1091 415
780 2125
2045 2448
2809 435
1601 2049
1944 1187
207 2107
1111 2267
2681 2279
1700 1120
2754 788
1326 1988
1678 2758
1014 2709
1700 2021
670 2790
2436 1449
422 2882
1001 1632
422 2601
2082 2365
893 2288
1576 405
62 2659
1085 163
883 2241
951 610
2630 1030
472 748
844 574
2768 1513
1765 710
66 588
697 2364
2219 2415
471 2702
1884 2660
497 1862
170 558
27 2551
720 2206
1896 72
2815 1630
2399 1688
779 347
2261 1949
261 2428
2658 1623
120 1756
1091 741
2572 2859
547 1561
2623 1043
1824 2792
2 252
850 2019
2457 2745
2090 2376
2777 1593
2465 660
341 1831
2608 1898
2660 773
626 2779
930 118
624 607
81 2468
569 2704
1912 2392
1002 1914
1045 1851
1037 606
103 1528
86 2879
1523 2550
1940 1863
2782 55
866 2546
827 2788
832 1756
10 2752
764 1388
2324 1332
1196 1341
2125 599
1656 274
2450 2692
879 954
1324 2261
937 2846
318 1278
216 1501
1332 2378
2449 560
2270 385
2316 681
241 1481
2068 967
2813 1665
709 444
2264 2364
2015 220
2160 2893
1173 1885
661 511
238 978
190 453
880 1522
2830 433
2081 606
817 2798
1286 2355
1384 459
1723 2598
525 2431
146 2788
301 2160
1409 862
560 983
2746 2517
1493 88
1896 1683
1837 2775
1606 173
313 791
778 2426
1991 2064
287 479
924 2009
1478 2745
2841 25
2638 246
587 2448
2404 2443
536 657
2064 430
2041 1064
2112 983
2240 2119
1155 2552
15 1933
485 407
2398 771
2182 1723
1182 764
1572 1127
2085 2611
2670 2671
2164 2178
2218 1101
2834 2683
1530 1980
2148 2044
1364 1493
1267 2518
2446 1281
2852 35
1687 756
2103 973
2478 389
138 2452
1515 2223
2167 1289
400 2732
1869 2618
937 209
807 869
2188 60
17 656
1552 1283
1576 2399
2564 2829
2434 2652
690 1641
2027 1569
2029 566
2422 1945
2788 96
1636 293
1229 609
1312 2166
817 2118
139 1407
579 155
464 532
2734 2039
36 804
375 2469
561 2361
2511 989
2331 46
1554 1858
1990 2744
355 730
1438 1583
2635 1151
2150 557
1670 690
1963 2249
844 828
2780 1980
2867 1217
2783 1643
2087 448
1108 1702
2733 1840
149 2689
802 2139
939 1156
1270 778
2739 1010
1928 395
2863 702
1085 332
1352 330
1159 2534
2309 2427
855 2197
1174 1344
1046 683
150 884
2523 1596
1974 1726
2136 17
1284 510
794 2424
2816 1123
2818 1185
1824 1007
1516 1578
1337 1077
1216 750
608 472
51 184
1815 1097
2163 367
382 1790
1962 2355
1918 1202
773 306
113 1566
2729 1331
1090 2651
917 18
763 2433
1595 2099
614 1212
2848 2518
1684 1301
2701 1900
2397 1969
2266 2778
2160 1332
639 1182
935 1411
1487 2345
1378 2617
2077 2467
2373 98
886 1537
932 883
740 2842
2094 1989
2465 2179
1691 672
1184 1192
2640 1851
2371 307
1585 1411
2785 921
1223 1377
370 2600
1098 848
573 1872
946 1459
513 279
743 2549
226 1238
45 2690
522 1735
466 107
1329 1508
1957 804
216 646
617 105
1567 1839
1481 338
1544 981
2483 518
1254 533
378 1767
811 1120
2717 1036
2358 2761
2127 1281
1601 2593
1387 34
2502 1745
2134 2717
793 2750
2821 761
1694 2704
2395 1639
2086 1982
2156 444
916 2534
612 1727
758 434
1164 1517
299 1693
2797 1899
2687 2585
1932 2293
1435 2468
516 2227
2322 441
1389 1120
1546 888
1160 2033
2870 421
2477 890
1356 1490
1018 515
1923 584
2032 624
2276 335
2522 2067
25 2856
2761 1459
830 381
2087 256
2118 580
2673 2066
1467 937
1203 2738
2654 784
733 2411
2274 1750
31 2598
2333 464
326 115
2095 1250
2181 2119
2507 2046
1979 441
828 1170
1993 51
151 1770
2116 20
2707 423
2757 867
2504 1891
383 284
746 1710
2881 1480
575 1609
1595 2669
1260 2177
295 871
2625 2273
2608 557
548 1705
607 1995
580 2722
2014 1688
1547 278
956 1155
2168 1338
1438 1315
1449 2720
1197 425
1433 1193
199 2692
474 493
1964 203
1167 1676
760 116
1783 2663
2111 764
892 2526
2451 2438
2803 1808
1994 2076
251 1833
495 101
1657 1691
526 1492
2883 2021
1288 1759
915 1654
1961 2081
1731 1122
2197 618
890 2709
1381 1781
2339 2233
2620 2247
1146 1718
1427 2693
655 323
2793 713
416 1720
2204 403
845 597
563 161
652 2524
2242 2382
2047 2840
105 41
2653 2782
223 2096
522 1244
1447 1667
1363 1275
2761 419
2895 1060
1132 415
2780 440
817 2026
2333 2677
589 89
2305 2830
873 2753
1176 2274
1196 933
2160 1418
1430 1083
1064 2877
1151 2426
2553 1016
2845 2552
478 2378
71 362
2817 2185
789 657
1966 1377
745 2672
2608 19
2529 888
2292 829
222 2854
649 1652
1041 114
35 2192
2539 2587
1609 890
646 2086
372 2013
849 1591
1302 40
2247 1669
2713 1393
2742 2426
1412 2376
1715 808
1606 1937
2063 656
693 209
769 727
802 1710
1715 812
2599 2360
3 1373
1478 2148
68 1181
2187 2314
2850 2005
811 1098
2832 624
1875 1651
2729 586
1989 1896
2538 2681
506 1709
1809 1307
523 629
2119 1523
93 523
2895 2867
2670 1364
1153 364
782 2404
770 2890
606 706
1915 883
758 1748
1468 2747
749 2407
934 1254
1220 2743
963 1742
476 1483
1667 1865
2005 1666
239 181
135 1391
1841 2213
2196 2610
609 1203
1717 926
2085 877
2673 1954
728 1823
1466 63
182 1087
2805 2441
1231 1682
1028 2
1949 137
69 2187
1614 1500
1979 560
2115 2576
1571 1125
883 1690
2050 1370
2566 1828
428 1695
755 295
1757 2233
2679 69
1778 1014
1750 2805
2312 2100
1343 2380
1391 1359
2282 1771
320 1501
1451 1890
2625 2334
1981 1780
2105 1651
2009 2532
450 2763
503 1012
677 2280
2025 828
592 2738
33 336
2222 2720
96 1608
1596 415
1510 151
707 1240
886 2687
124 95
1443 2132
2627 294
401 2257
2199 903
373 2875
1585 799
2105 578
641 2137
2210 1264
1961 2306
1274 1958
1122 2783
2109 1828
2424 99
1620 2547
194 1464
185 1222
159 1883
1880 760
1187 654
739 1173
1452 1245
1750 494
1783 2362
159 849
1772 2729
2806 1295
2617 421
228 2145
1817 249
199 412
114 1680
35 1569
667 1914
2328 1854
2567 1469
131 2420
2713 283
1315 1601
2644 1473
851 2817
2604 2058
2513 2325
881 2740
2871 2697
1390 1471
213 2800
256 247
1474 2219
2160 906
1177 233
776 2605
2652 1891
1289 2368
596 2334
2242 2743
657 1950
307 274
1379 1187
1416 2652
988 2805
1227 1200
1112 1482
2743 2585
806 409
1892 384
1938 2668
1390 1694
1663 2678
2463 660
518 1810
1804 1174
864 2110
2745 645
402 1265
1698 1389
2471 29
991 687
2808 2135
1673 2015
2544 670
2398 1586
1739 2190
1682 1803
374 2546
864 892
1460 2667
467 726
1881 1613
1370 2282
2877 172
2073 855
1497 1465
2838 1409
704 1616
528 1649
687 1328
1637 2425
622 1720
2629 2292
1370 597
288 2830
368 2052
660 2248
769 431
37 2048
1899 511
7 500
1975 2844
311 1080
2861 2135
2729 652
567 2767
1478 2485
1591 1211
1882 65
1807 571
1296 576
2622 357
1226 496
2084 1262
2543 1087
1772 951
2884 2148
2196 299
332 2162
2433 165
1215 1402
36 2693
991 28
1008 2872
1390 1217
548 2685
1792 1571
1444 122
2066 632
2680 115
121 1556
1065 109
2105 1663
1704 2437
929 2538
1003 2143
1044 2336
342 437
2363 1350
1710 857
968 659
1944 2759
2230 492
1283 2697
2420 1067
2812 2540
1025 2278
1050 234
2342 1155
1072 1672
798 2075
920 1841
1515 2558
679 2279
2309 2389
1538 381
152 586
1542 2381
2374 1226
585 1898
2292 1798
2840 1718
2477 2291
354 1924
551 1425
700 1348
604 21
1590 520
2579 2269
2799 1992
164 1441
775 315
428 2316
1098 2801
646 1682
205 1339
1881 1446
1459 1462
842 1812
490 1392
341 2487
1141 2242
2507 2730
2761 592
505 2664
986 668
2506 1760
2280 38
2477 482
1240 1524
565 1445
1264 2445
1292 2722
2308 2133
1638 2798
1926 381
2389 171
2622 402
1303 2487
994 209
658 381
2174 1565
2140 1558
1603 123
441 1244
1646 2302
1090 1311
1851 2382
1138 1263
1619 1177
2462 1947
1557 357
2117 2580
2056 1821
574 1451
2030 1231
1831 1308
1197 1075
2865 2799
2494 1707
2445 2541
1113 639
956 1365
125 495
1029 146
1672 596
2092 1630
2249 2610
1315 1409
1536 1888
2859 1967
1520 1794
379 2716
1270 1645
1022 868
456 571
513 2865
1209 2766
1334 2631
365 2362
2776 2036
1359 374
2068 713
88 487
2121 25
776 487
1991 2295
2280 771
517 1952
2415 1538
2819 1272
510 1734
2538 121
1604 976
2751 1968
1740 1033
2406 203
2703 1578
915 1192
466 1438
1217 1241
1924 1609
1937 2605
2380 2453
1661 301
2393 2882
2870 7
1720 2512
127 1725
1890 1279
797 734
713 1604
936 520
1583 253
1712 2048
92 1330
1690 417
43 731
126 824
1586 189
1125 2380
175 2396
2386 296
2012 915
2020 2303
595 1218
141 1308
2822 2374
1827 1509
1028 1940
1959 1119
374 753
1535 1714
2781 62
2537 1471
1547 2063
955 1721
2860 1742
418 379
1058 2437
2681 1653
2057 2822
65 1983
2300 293
1893 432
635 956
2847 2305
111 2783
1123 2891
1246 2062
1466 2793
2526 822
20 2491
2563 438
2869 726
1276 2654
780 437
982 2141
821 386
2433 2714
2114 1469
2071 467
879 2181
354 403
2176 1600
866 2043
1497 497
2864 2813
1389 934
355 2659
1659 1631
819 840
2067 1801
85 2888
588 2517
1108 1104
2388 283
1570 1668
866 1924
2070 146
1925 1338
591 1823
236 559
1740 1624
1492 2095
1387 1552
2127 607
2391 2595
2407 2475
2587 100
499 2096
1203 1288
781 2772
60 1646
202 531
193 2126
1868 783
1053 2103
1342 2793
2128 1235
394 619
1189 2520
1226 1981
2219 2034
1561 313
2133 461
810 1737
1748 1590
16 209
340 217
739 1830
745 2607
2612 199
216 2355
1393 2344
1992 1786
1364 285
2707 991
2265 433
130 2227
745 664
1089 1554
2401 1238
1546 2416
1446 287
1034 587
2116 180
1595 1833
379 1810
1292 173
1258 1685
1959 2622
1969 172
717 2636
604 2143
369 2645
2807 1458
2601 714
2695 1251
234 2543
1537 2564
234 758
1146 1828
992 1524
2039 685
1696 402
2370 2056
1425 1443
2228 543
2480 1233
2686 2849
983 999
1411 688
1712 2507
1938 347
556 579
15 2086
2633 2457
2315 729
2382 1459
1414 1183
262 2185
1640 1686
732 2269
630 1614
607 1717
1567 1589
2715 1379
2276 1531
2287 2615
1877 2843
1595 294
2033 1333
463 2237
1313 278
1821 1574
2462 1862
1661 1596
1236 692
314 244
2409 1880
1832 2228
1660 2509
864 1051
2228 1142
998 927
1435 1433
2259 1290
1287 1124
1928 2599
1401 853
2574 968
2714 2636
2563 1054
1729 2876
1297 1242
262 1530
1872 1921
1143 1137
76 1772
2278 2371
2699 2115
908 464
509 2194
1587 838
299 1390
1690 1274
2357 1508
2311 2024
964 1144
406 662
788 667
594 1061
2587 138
2197 1064
1910 2876
539 115
2095 2743
1875 1005
443 1864
1842 741
358 636
416 2714
546 1128
244 2806
674 649
1869 1461
1315 2462
2521 2303
2600 224
1768 16
204 709
1427 2299
556 406
1705 999
2269 652
141 1028
1287 1854
846 234
86 2386
144 759
139 415
621 2750
2876 1543
559 982
1766 2327
997 372
140 2423
1072 1992
1231 2776
95 1901
532 1533
34 221
491 2176
454 576
1667 1895
1335 1805
2309 357
62 691
1900 620
1673 770
1348 1071
2438 2784
1896 614
1881 1528
495 377
533 2323
1909 566
2543 2399
2742 1399
1377 1513
1695 2711
1719 2405
172 1780
200 473
802 274
2540 2149
2642 2082
440 44
2696 2320
1571 1592
1098 2103
2316 1409
2669 1964
912 917
1764 2288
831 1860
505 2549
1369 1974
2731 2865
848 637
1541 492
1187 1287
2574 1626
1330 776
2347 5
769 1847
2107 189
360 282
554 1271
2495 719
1961 430
2578 867
84 1051
1242 2814
2318 2090
1852 963
2581 143
651 661
171 1980
2733 919
386 606
2765 894
795 229
1176 2645
2797 775
469 264
2502 151
1130 2585
2499 774
905 323
1265 1158
1285 2247
2597 1935
13 2767
2316 2745
791 2701
1753 1957
699 949
2186 276
698 489
2348 1166
752 1954
2614 283
45 619
2353 2246
941 722
508 627
74 209
963 1383
1378 383
2529 2168
1485 1386
2526 2183
2334 218
861 1434
706 1610
1001 2754
1965 719
142 2009
2634 2494
1359 679
1618 268
2602 1691
476 669
1475 1853
1051 1108
2422 2535
2494 2053
225 334
672 2382
1767 1378
1096 2768
2533 1462
1888 2674
575 1627
675 335
707 2292
602 414
2384 2374
2379 963
1332 1832
472 2155
1471 70
2609 97
1701 386
880 572
165 377
1741 2697
1838 734
878 814
762 2849
1148 2765
647 151
1580 135
927 1064
2394 660
2895 1267
2814 2767
1337 2528
1266 1439
1315 2145
2010 1479
2522 856
2577 1464
2886 559
2278 752
512 1827
621 1158
380 2201
2589 1306
1666 489
1965 1665
1756 285
1536 1494
1214 2801
37 2528
453 2046
1111 79
1303 793
2839 1293
2648 623
446 265
852 2364
2719 1231
1669 2413
938 439
6 1304
505 1761
1588 442
359 2802
1645 1692
2434 2097
2140 1947
577 547
1141 520
242 893
1143 1984
2454 1994
1452 2278
1626 1522
1795 2563
1960 1800
971 866
1963 2558
1308 723
866 57
2415 405
2153 1659
753 2729
607 1893
1650 2145
1187 2792
1234 746
292 2685
1425 319
1312 324
2881 1673
525 2253
2539 889
318 2248
1612 1183
2304 1131
2884 2858
1191 741
2691 1797
1035 2742
2344 624
2639 682
2666 1332
471 1195
1651 184
1518 38
1857 444
2291 2797
1333 2608
2149 49
895 2854
2476 2181
2816 771
1323 1013
969 760
859 417
1383 1899
2395 1153
1633 2866
2347 388
1451 969
1722 1709
1412 1117
1610 1146
2126 2160
1194 1423
520 2071
708 440
2841 2030
2749 2212
2789 2010
1030 2573
1013 530
830 2645
1797 281
1434 352
2546 261
463 2360
2674 474
610 1905
1036 206
432 1555
2276 2436
397 624
2867 250
2835 2761
2259 2266
2438 1674
1197 1670
2720 98
1950 2556
1747 3
1218 611
2362 996
1084 76
1302 2119
281 135
779 959
2570 2472
1582 2542
1123 1521
809 487
2188 351
562 490
2020 1683
1884 2372
1343 2032
2374 2560
2642 242
1958 831
1614 364
54 297
499 2129
1255 1470
1705 2836
1116 2828
1461 1924
1716 2050
677 679
2539 1098
2361 2825
1871 809
1961 1349
1770 110
1590 832
940 309
2493 2290
605 1393
2821 261
2862 32
201 2380
1261 63
1408 1378
2112 486
2056 158
1584 2819
87 559
2029 449
310 903
558 301
137 2794
1906 1031
591 912
2423 1813
1172 791
1844 1372
275 1507
1434 85
2884 1948
570 2045
2105 555
1968 593
2411 1101
2338 1122
405 1298
1422 1838
2493 1730
2868 188
2641 797
402 2215
1588 648
691 264
2154 527
1645 2142
2474 2215
2588 85
1171 62
677 686
2459 1416
1807 2864
2713 1631
1806 2311
465 181
900 1507
977 1302
826 966
1949 2814
2527 2504
1742 1276
1750 1320
1892 2740
2701 168
2801 1779
2150 2365
299 2359
735 117
2391 2540
829 1257
1122 1728
2763 501
1431 1991
1466 484
311 2394
1389 2052
775 244
1773 1068
1385 1578
2532 1290
461 1787
759 2056
2547 1493
2172 2042
2435 105
403 1958
235 1567
2458 1665
662 2326
2149 972
1824 1939
1425 1000
2182 302
2068 1968
1879 106
363 741
1892 2418
2797 2840
2313 475
1986 254
1877 790
2211 2111
2357 1774
880 1420
1204 1430
794 1429
474 2218
831 1057
2520 1300
130 2800
1405 492
1943 1699
14 246
1643 2326
720 734
2579 2596
2820 297
1811 2281
2070 2691
806 1675
2522 1599
1505 100
2218 2335
1157 244
739 1286
149 2144
179 493
947 192
738 2589
920 1457
1724 1900
2455 1649
598 2667
2331 2667
864 1538
2743 491
1538 1353
590 861
792 148
1104 1531
1433 2549
2076 1611
146 127
205 883
1117 2421
742 2841
2722 1598
2891 425
1369 2326
1493 635
969 1341
1125 2506
1095 116
1768 1886
264 2872
1818 98
111 1073
1124 315
357 2241
1137 2395
588 2260
2394 583
2684 2165
1310 2579
2799 680
2321 2325
1588 520
842 460
807 2402
1733 2625
2500 2660
727 2610
2134 253
1326 2490
895 864
392 1482
228 2785
466 1314
456 1775
997 359
857 422
1085 2444
941 1927
8 1747
1433 1741
2773 2334
2802 1902
2048 2040
2154 1775
36 1450
1040 427
1333 1268
1614 200
2581 471
376 1979
830 1232
802 316
780 1742
2242 788
1890 2077
930 1768
1515 836
774 1965
2875 1329
844 1312
1180 1884
141 2512
1553 156
2711 2535
626 1488
1618 2752
2720 2419
173 604
2562 2414
2688 2853
2892 722
127 1512
1557 2197
581 2833
630 2721
1250 211
111 2687
1124 1663
2842 2236
2599 572
829 1321
429 653
2141 601
1256 209
1416 1049
167 1413
172 293
1326 1729
892 1906
68 2818
133 2614
134 244
2405 1257
308 753
598 12
1325 1426
2629 155
480 277
2052 1735
485 572
1185 1948
386 1357
643 113
1487 1534
420 2851
1456 553
972 2886
796 481
1248 1103
2531 247
1114 960
74 848
2411 553
1124 1567
689 10
540 276
360 2223
2335 1520
937 2755
1475 2392
1709 848
2383 2504
1329 2032
2008 2261
680 1524
1622 753
773 1137
2602 298
1105 395
307 1644
1967 666
2268 2000
69 1708
624 1005
2864 501
1799 1677
1348 2583
2582 1078
443 800
1619 466
2849 793
1602 2555
1090 2706
1351 2694
2752 423
1761 2124
2233 1448
1236 2201
350 139
2279 99
1123 367
1177 1243
463 21
444 483
1276 490
56 2365
301 2704
565 157
231 2326
682 1054
2557 20
903 897
622 1252
2333 6
1351 1857
372 929
205 2131
2246 648
2614 1134
1760 326
2205 2325
1779 837
1755 2460
2479 1195
714 206
2447 1448
1508 2199
410 281
232 1911
2412 879
2558 2130
2013 2004
1525 2038
2803 1686
2363 2112
1115 1246
1351 1271
1088 1691
2837 204
53 1805
93 1759
487 1621
774 3
2500 1734
534 19
2139 460
2056 2046
2146 1523
1263 1662
1170 1015
2657 2422
473 2598
1027 770
493 2377
976 585
1240 1463
2206 2014
2762 212
852 1698
230 95
2157 2285
1471 483
1221 2805
863 982
733 1336
684 1760
507 1176
163 882
2644 2368
2609 1210
81 2807
1393 1551
394 2613
1460 2553
1996 595
993 2679
756 2797
2257 398
1279 831
293 2576
1742 1273
1828 1456
884 874
1728 1482
462 1808
1393 256
1761 188
2868 1622
2740 370
2216 2135
154 76
2036 812
1770 223
2350 1924
1598 63
2234 1182
2364 2695
95 2158
56 1855
747 1325
1878 591
1695 1199
2725 250
2571 267
1061 1446
1786 2692
1599 1240
122 2729
838 121
1003 531
177 1768
1628 1568
1030 1683
1824 1776
1409 806
768 208
406 1895
457 82
2161 2814
1527 2349
2610 1527
693 1133
2657 2827
1253 954
1822 657
1485 400
2424 217
1967 1855
301 2192
102 2800
1917 508
1799 775
694 517
1814 1705
445 909
840 2492
1159 1063
254 1045
2759 1079
2558 232
39 1260
2423 2070
1434 2174
2463 424
1640 1558
2763 1607
1893 36
2234 2852
267 674
1217 2690
721 224
83 556
799 2545
2276 2438
1208 19
1398 2872
1101 2562
2880 2388
1671 2484
340 1843
744 634
280 82
1888 546
1637 1899
2795 759
524 1279
1314 1323
2225 1991
2162 537
2009 1961
1810 214
30 1794
378 2223
609 2265
2769 2660
875 2807
65 2071
671 1886
454 1984
1610 2679
1080 2173
1617 1490
1239 1829
106 1268
852 418
1038 2527
2640 48
1896 2513
1109 1173
2425 1174
1645 200
1461 2099
585 175
284 66
2347 302
2853 1987
359 1259
171 2022
1653 291
2553 1950
1206 767
1524 735
2231 1802
774 1217
2580 2724
2655 2537
2599 1873
2847 2170
2002 122
1296 2548
2839 687
1702 1149
2750 330
1900 2515
399 2673
2133 2073
2131 1817
303 1891
584 860
2393 535
135 1499
1953 2727
1152 87
2479 1095
2070 1285
2243 1924
521 1916
548 2216
95 1082
1393 2226
1301 97
617 1503
422 114
2037 556
14 2391
387 1165
661 53
2551 1305
1976 969
2233 898
218 1380
666 12
2007 1966
109 31
1533 1948
537 1971
905 550
1467 2589
117 2345
960 2074
2398 616
1781 2775
2881 1118
2075 1271
702 694
2650 1367
706 164
194 365
2534 129
715 175
1312 2137
2714 674
1289 1498
1017 973
1667 1997
884 2399
1098 1384
1122 223
1509 1776
2188 1199
378 1086
2059 221
2811 830
2217 1100
1603 2779
2721 2888
1936 1510
2213 1221
2604 536
1934 1461
2668 1097
2872 725
881 1651
213 156
2744 673
2799 995
878 1985
599 514
1138 13
928 2143
549 1263
2006 321
4 738
2565 2181
2389 2777
2337 639
1851 1114
1699 1754
2108 963
1661 90
53 2857
1772 843
91 911
2528 229
219 1757
590 957
2395 2440
2070 1198
2595 2580
1071 614
1020 2375
964 2791
322 1326
2594 1709
638 464
692 351
2500 1658
1059 1120
1816 51
914 592
633 179
353 1704
2089 1373
1183 157
17 521
1129 2222
2088 1820
2572 94
1213 800
2083 92
2115 79
1040 133
670 1673
1608 2320
481 802
2255 466
1131 1283
2481 1583
1649 1483
2881 2689
18 1952
1466 27
2673 348
412 1485
728 271
1664 1788
744 517
2257 1089
1234 2567
26 759
2574 2698
1106 206
76 2814
1597 819
2381 365
2606 417
2336 1751
1477 993
2664 1164
2091 2299
835 1385
353 2157
362 1651
949 270
2442 434
1931 555
2148 2668
913 538
1922 2019
2306 2466
451 1069
2802 1192
712 855
2758 1556
1289 1794
512 541
2863 1218
424 2734
1869 325
2484 315
1947 1175
689 2576
19 1200
1518 2881
2418 1942
1122 2688
2266 710
1404 361
909 658
1017 979
238 246
1347 258
2286 670
2427 80
350 847
1279 1868
833 2098
1890 2878
343 1973
1056 2062
335 2887
1367 2648
2268 1604
1296 2016
263 1974
1724 2548
2643 2553
1029 1395
504 2308
1664 1336
1691 1802
2258 1157
2200 2601
1532 1657
169 1866
1648 1535
21 2317
1540 1316
1437 1802
1691 266
2751 1439
2818 885
1235 1723
297 1300
1461 208
2009 42
1413 2610
1044 1346
1371 1212
316 1421
1148 1633
2881 2165
1110 1348
1062 1087
2269 835
2298 986
2255 551
2619 1498
2178 1634
2515 1525
1484 2500
52 146
1041 2285
737 1788
178 201
2874 848
1834 1691
1228 1557
1031 873
799 2787
182 1859
923 1222
1248 1070
477 387
2857 1951
587 2835
617 1737
1713 247
1515 1127
179 480
1412 1731
910 655
278 1831
1303 754
2217 2561
1107 2803
2500 1010
2825 1519
1148 44
451 384
772 1428
309 119
1083 782
2733 1025
627 116
2855 332
2166 2177
2892 377
486 899
2683 1713
2417 2232
580 608
1368 1352
704 2344
1791 188
1528 634
1658 1207
2777 1617
2835 2048
2195 2832
1498 356
2845 1655
1340 530
2263 2707
283 2700
2781 986
550 1676
2470 2077
1844 2368
2658 1725
1089 2598
877 389
2534 1703
2316 1370
129 1866
1677 2775
597 1562
2162 1147
1639 1736
1625 2349
1890 573
1821 55
2298 1311
2461 1100
1767 2768
665 2035
2541 2559
1998 1807
1491 2236
2290 2108
128 448
2085 1526
1139 870
371 1242
1903 180
1140 2289
1431 2102
2582 2293
195 825
1564 1692
2826 1935
2473 2448
2628 2169
1128 872
1563 1286
492 811
1421 336
1807 1560
2679 2675
2115 2609
1714 554
439 2588
107 718
872 1136
2886 1999
389 33
53 2178
2513 2649
1046 2578
543 2472
260 2278
566 366
1838 1909
2805 1186
1168 2359
1360 2132
2826 288
2196 2444
830 311
2307 1468
1534 644
1165 365
194 2266
535 792
435 857
2038 2561
2464 2272
2220 513
2202 968
844 426
820 1278
1630 1984
1354 2177
613 1451
2426 2650
2413 1994
1163 1441
1081 1544
1245 515
2780 990
2687 2311
1232 1145
2889 2248
2714 1903
2100 2244
2639 487
2267 2417
2259 2315
858 1116
1819 2282
942 12
1156 93
1225 975
1996 429
1620 2055
447 2661
943 2714
584 2177
51 2843
1597 530
255 1230
1154 1112
2345 1169
555 1988
212 1144
1296 2542
156 1418
1594 902
2586 2640
1732 1548
785 2641
693 2294
583 2224
537 1866
304 1435
318 1140
324 191
962 921
2887 1746
1144 2852
2144 2676
1071 1307
2772 1513
88 2828
2525 1708
1031 2708
738 1697
196 1882
757 2198
384 519
2157 1488
75 1629
1762 1127
815 2500
1225 2307
1393 869
2589 664
1059 904
400 345
2305 2682
2169 1998
2521 2387
1692 2297
2666 2006
2053 2730
2422 854
179 816
1899 2723
1285 750
2749 688
402 1322
1705 2284
1941 1187
2072 437
1591 773
147 695
910 1843
269 2386
945 375
176 1578
251 1269
1067 2857
1887 112
862 1732
1338 2882
2786 1331
282 2221
113 726
705 2471
284 385
879 1573
1039 705
952 2771
1167 2665
2855 2592
861 1540
1917 1757
622 2429
971 2760
2001 2065
2340 2394
1468 103
1751 1750
1955 161
2191 1684
2497 1296
2151 1045
545 1631
1800 70
27 676
1972 2533
965 1874
2485 2254
1194 1416
1506 1474
2501 868
254 841
275 90
761 948
2208 2698
636 1861
1009 119
663 1349
2129 853
1913 1175
249 950
2067 2480
1004 1911
833 67
1051 1907
457 1772
2748 2369
2160 2062
764 1206
1027 2271
498 738
1424 744
2450 186
2555 86
2385 901
1980 2842
717 1126
2313 896
2338 2367
1743 1642
900 1430
570 2582
1506 2256
1102 1888
339 2333
2376 2262
2804 2211
2582 443
1214 2736
1309 2187
2333 1647
531 2401
166 2142
1442 2227
1426 1465
1934 834
1447 1912
1338 865
195 954
705 1503
245 142
1552 270
391 2141
1157 1970
1080 58
436 2571
1011 1141
1179 2552
1223 1922
1615 2295
1430 1345
2203 1229
1272 454
777 2407
295 608
2770 387
2334 404
2367 1856
575 1503
812 1846
1445 1135
1115 1739
1743 373
215 2494
2130 119
428 1605
1453 2437
2683 1347
2009 1826
198 1606
2337 2084
2194 946
971 985
468 2585
1876 1098
2703 2093
807 1749
2545 2150
501 1414
1507 1514
2293 2301
487 552
1481 136
2846 47
1904 2751
1630 2615
1974 980
1568 2197
1222 1838
2035 401
2380 1376
458 2137
2117 1811
1727 934
365 1205
216 2616
858 95
2516 1376
1594 134
23 2327
1663 642
2374 2078
2574 1908
2287 1264
2839 160
2649 104
750 2408
2351 1742
60 1291
803 1082
393 1932
1523 161
970 2425
174 1322
2613 749
2632 416
2488 2070
2554 464
271 2519
1706 864
636 1555
2789 1926
1930 2243
2741 2553
2079 698
153 2350
2862 1657
1829 751
437 2464
1494 2637
2572 1486
1629 1403
502 55
1099 1870
1022 1185
2496 432
1470 2488
411 1823
863 2017
1032 755
2744 2840
303 2369
1006 751
146 1150
1558 925
1918 1862
2507 2244
1751 2235
50 1777
1230 2816
624 1282
2502 145
329 1211
2253 1712
1643 965
1502 2208
1976 2251
1178 2503
280 2031
305 2552
952 1047
1894 1168
1317 1918
1023 1872
1559 2302
2250 2717
1011 765
2348 1216
2889 683
1362 35
2684 2591
1454 872
911 517
405 2621
2165 1382
11 558
1074 1818
1181 2385
697 2646
1496 474
2122 2192
224 1679
1760 1977
1334 1718
1691 1752
2868 1920
2844 839
1258 2130
1068 1070
248 312
907 766
2352 1332
1758 2854
691 2001
1820 1829
2569 1416
1825 853
703 2669
902 2647
1681 1689
381 2823
2874 2626
2623 172
2217 2400
2017 1956
2584 1670
1227 1929
1793 1261
2330 376
944 160
1785 471
1591 59
2536 1456
2364 2088
2727 1770
1796 1704
1701 61
1683 396
2123 2388
1577 2082
2193 658
2507 1277
265 350
1864 1681
631 342
2022 805
966 162
312 1514
2310 494
1229 2810
1755 2435
2164 876
382 2217
227 190
1652 2198
2415 1219
361 1370
814 1595
9 344
2252 600
2396 1887
723 317
2214 1867
2028 2825
126 2122
279 1355
989 782
1789 1915
2101 1686
2189 1466
1721 1703
1867 888
1020 1334
1849 2124
2876 1897
1042 1265
2297 1363
1410 2084
403 731
953 1469
239 1361
1883 2120
67 1094
2619 887
414 2426
855 2207
1246 1777
1946 754
344 2030
1457 2054
786 2777
2354 1130
699 2332
2676 1099
1724 1066
837 2403
2080 25
2044 2851
240 638
1024 815
1395 2456
2209 783
1699 1255
34 2796
187 384
2510 1474
2343 2113
237 1512
501 1428
2568 594
721 1850
1763 736
2408 2824
826 233
918 951
1393 503
1738 992
1280 285
1835 2528
766 63
1150 1978
1034 2283
564 39
2245 2602
1488 2011
1093 650
2780 1375
2319 2280
1093 2882
2221 2710
2018 1690
568 1061
1047 2620
124 349
1598 736
1324 1711
2175 2104
876 1419
132 2453
64 979
984 1631
2186 2465
899 1415
2184 596
2113 2484
2354 678
477 333
1319 367
108 96
2863 947
922 364
2835 1455
865 1784
2873 132
2600 1769
1718 961
21 239
2432 1269
1766 2747
615 1396
1082 600
823 1551
2346 1563
2564 2147
457 22
1259 870
704 286
375 1164
89 1005
24 1684
914 1162
2805 818
2531 2505
470 533
1417 2671
2764 727
337 2817
488 1479
2106 167
1299 2151
1795 1366
2159 1697
603 2537
2683 913
896 272
2726 2046
799 2356
801 597
987 1156
2439 1532
1581 2857
1550 1567
2174 1472
1249 2082
2341 275
1113 2410
2603 61
2885 1943
2494 2171
234 1026
1489 1138
1396 1336
2060 2458
1593 2508
2155 1973
897 2514
2089 716
1545 1883
2725 2486
2249 2180
2576 2590
2042 2078
1720 1436
2831 1636
2756 2272
346 342
108 1055
1215 268
331 1896
2104 2814
1052 1662
1324 1397
2367 273
1966 2712
813 2037
203 390
1980 2098
1629 1730
2705 2419
2210 408
1019 319
1657 1318
455 955
276 695
2754 2277
1439 257
2303 300
2498 1536
1657 1394
2737 763
216 1660
724 232
1848 986
2390 2016
675 1161
136 529
1015 2296
1495 853
2716 582
259 515
654 2575
2879 1209
1916 2774
289 640
1294 245
2275 559
2690 1048
1177 1327
784 544
1077 1400
714 475
1365 78
1635 68
711 872
155 1889
447 1022
1178 132
1057 1504
2694 2728
1476 2575
243 2671
1967 290
1511 453
931 1635
2069 2532
1406 2155
2152 11
1529 337
1624 1575
1201 1780
1907 1237
789 2239
210 8
891 996
1401 1247
1746 1076
974 2826
1662 1121
2632 2430
197 687
1438 183
1224 1837
1579 2169
1281 2718
2023 2780
2245 327
1701 696
2617 628
363 1092
898 2238
452 269
1792 1539
1685 2366
1252 542
77 1189
1650 2051
2820 1358
2839 701
2735 1919
2646 640
1188 2354
2530 2273
1 1487
2229 1603
1714 787
73 2831
2285 1440
2555 2482
859 1836
486 2662
1374 1429
958 1984
1432 1492
551 1190
1021 1829
360 1845
2894 762
1218 2624
299 328
1225 2138
